%!PS-Adobe-3.0 
%%Creator: Adobe Illustrator(TM) 3.2
%%AI8_CreatorVersion: 16.0.0
%%For: (Arnaud LE BOT) ()
%%Title: (logo.ai)
%%CreationDate: 12/13/2014 9:12 PM
%%Canvassize: 16383
%%BoundingBox: -174 -679 1254 189
%%DocumentProcessColors: Cyan Magenta Yellow Black
%%DocumentNeededResources: procset Adobe_packedarray 2.0 0
%%+ procset Adobe_cmykcolor 1.1 0
%%+ procset Adobe_cshow 1.1 0
%%+ procset Adobe_customcolor 1.0 0
%%+ procset Adobe_pattern_AI3 1.0 0
%%+ procset Adobe_Illustrator_AI3 1.0 1
%AI3_ColorUsage: Color
%AI3_TemplateBox: 525.5 -288.5 525.5 -288.5
%AI3_TileBox: 237.5 -695.1201 813.5 124
%AI3_DocumentPreview: None
%%PageOrigin:89 -528
%AI7_GridSettings: 72 8 72 8 1 0 0.8 0.8 0.8 0.9 0.9 0.9
%AI9_Flatten: 1
%AI12_CMSettings: 00.MS
%%EndComments
%%BeginProlog
%%IncludeResource: procset Adobe_packedarray 2.0 0
Adobe_packedarray /initialize get exec
%%IncludeResource: procset Adobe_cmykcolor 1.1 0
%%IncludeResource: procset Adobe_cshow 1.1 0
%%IncludeResource: procset Adobe_customcolor 1.0 0
%%IncludeResource: procset Adobe_pattern_AI3 1.0 0
%%IncludeResource: procset Adobe_Illustrator_AI3 1.0 1
%%EndProlog
%%BeginSetup
Adobe_cmykcolor /initialize get exec
Adobe_cshow /initialize get exec
Adobe_customcolor /initialize get exec
Adobe_pattern_AI3 /initialize get exec
Adobe_Illustrator_AI3 /initialize get exec
%AI3_BeginPattern: (Unnamed Pattern 1)
(Unnamed Pattern 1) 8 8 72 72 [
%AI3_Tile
(0 O 0 R 0.804684 0.324224 0.258183 0.082551 k
 0.804684 0.324224 0.258183 0.082551 K
) @
(
%AI6_BeginPatternLayer
*u
0 J 0 j 1 w 4 M []0 d32 80 m
32 64 L
16 64 L
16 80 L
32 80 L
f
30.5391 72 m
30.5391 75.6133 27.6113 78.541 24 78.541 c
20.3867 78.541 17.459 75.6133 17.459 72 c
17.459 68.3867 20.3867 65.459 24 65.459 c
27.6113 65.459 30.5391 68.3867 30.5391 72 c
f
*U
24 78.541 m
20.3867 78.541 17.459 75.6133 17.459 72 c
17.459 68.3867 20.3867 65.459 24 65.459 c
27.6113 65.459 30.5391 68.3867 30.5391 72 c
30.5391 75.6133 27.6113 78.541 24 78.541 c
n
%AI6_EndPatternLayer
) &
(0 O 0 R 0.005219 0.396857 0.936583 0.000153 k
 0.005219 0.396857 0.936583 0.000153 K
) @
(
%AI6_BeginPatternLayer
*u
0 J 0 j 1 w 4 M []0 d64 80 m
64 64 L
48 64 L
48 80 L
64 80 L
f
62.5391 72 m
62.5391 75.6133 59.6113 78.541 56 78.541 c
52.3867 78.541 49.459 75.6133 49.459 72 c
49.459 68.3867 52.3867 65.459 56 65.459 c
59.6113 65.459 62.5391 68.3867 62.5391 72 c
f
*U
56 78.541 m
52.3867 78.541 49.459 75.6133 49.459 72 c
49.459 68.3867 52.3867 65.459 56 65.459 c
59.6113 65.459 62.5391 68.3867 62.5391 72 c
62.5391 75.6133 59.6113 78.541 56 78.541 c
n
%AI6_EndPatternLayer
) &
(0 O 0 R 0.838498 0.194125 1 0.050355 k
 0.838498 0.194125 1 0.050355 K
) @
(
%AI6_BeginPatternLayer
*u
0 J 0 j 1 w 4 M []0 d16 64 m
16 48 L
0 48 L
0 64 L
16 64 L
f
14.5391 56 m
14.5391 59.6133 11.6113 62.541 8 62.541 c
4.3867 62.541 1.459 59.6133 1.459 56 c
1.459 52.3867 4.3867 49.459 8 49.459 c
11.6113 49.459 14.5391 52.3867 14.5391 56 c
f
*U
8 62.541 m
4.3867 62.541 1.459 59.6133 1.459 56 c
1.459 52.3867 4.3867 49.459 8 49.459 c
11.6113 49.459 14.5391 52.3867 14.5391 56 c
14.5391 59.6133 11.6113 62.541 8 62.541 c
n
%AI6_EndPatternLayer
) &
(0 O 0 R 0.034455 0.976348 0.804776 0.004364 k
 0.034455 0.976348 0.804776 0.004364 K
) @
(
%AI6_BeginPatternLayer
*u
0 J 0 j 1 w 4 M []0 d48 64 m
48 48 L
32 48 L
32 64 L
48 64 L
f
46.5391 56 m
46.5391 59.6133 43.6113 62.541 40 62.541 c
36.3867 62.541 33.459 59.6133 33.459 56 c
33.459 52.3867 36.3867 49.459 40 49.459 c
43.6113 49.459 46.5391 52.3867 46.5391 56 c
f
*U
40 62.541 m
36.3867 62.541 33.459 59.6133 33.459 56 c
33.459 52.3867 36.3867 49.459 40 49.459 c
43.6113 49.459 46.5391 52.3867 46.5391 56 c
46.5391 59.6133 43.6113 62.541 40 62.541 c
n
%AI6_EndPatternLayer
) &
(0 O 0 R 0.838498 0.194125 1 0.050355 k
 0.838498 0.194125 1 0.050355 K
) @
(
%AI6_BeginPatternLayer
*u
0 J 0 j 1 w 4 M []0 d80 64 m
80 48 L
64 48 L
64 64 L
80 64 L
f
78.5391 56 m
78.5391 59.6133 75.6113 62.541 72 62.541 c
68.3867 62.541 65.459 59.6133 65.459 56 c
65.459 52.3867 68.3867 49.459 72 49.459 c
75.6113 49.459 78.5391 52.3867 78.5391 56 c
f
*U
72 62.541 m
68.3867 62.541 65.459 59.6133 65.459 56 c
65.459 52.3867 68.3867 49.459 72 49.459 c
75.6113 49.459 78.5391 52.3867 78.5391 56 c
78.5391 59.6133 75.6113 62.541 72 62.541 c
n
%AI6_EndPatternLayer
) &
(0 O 0 R 0.005219 0.396857 0.936583 0.000153 k
 0.005219 0.396857 0.936583 0.000153 K
) @
(
%AI6_BeginPatternLayer
*u
0 J 0 j 1 w 4 M []0 d32 48 m
32 32 L
16 32 L
16 48 L
32 48 L
f
30.5391 40 m
30.5391 43.6133 27.6113 46.541 24 46.541 c
20.3867 46.541 17.459 43.6133 17.459 40 c
17.459 36.3867 20.3867 33.459 24 33.459 c
27.6113 33.459 30.5391 36.3867 30.5391 40 c
f
*U
24 46.541 m
20.3867 46.541 17.459 43.6133 17.459 40 c
17.459 36.3867 20.3867 33.459 24 33.459 c
27.6113 33.459 30.5391 36.3867 30.5391 40 c
30.5391 43.6133 27.6113 46.541 24 46.541 c
n
%AI6_EndPatternLayer
) &
(0 O 0 R 0.838498 0.194125 1 0.050355 k
 0.838498 0.194125 1 0.050355 K
) @
(
%AI6_BeginPatternLayer
*u
0 J 0 j 1 w 4 M []0 d64 48 m
64 32 L
48 32 L
48 48 L
64 48 L
f
62.5391 40 m
62.5391 43.6133 59.6113 46.541 56 46.541 c
52.3867 46.541 49.459 43.6133 49.459 40 c
49.459 36.3867 52.3867 33.459 56 33.459 c
59.6113 33.459 62.5391 36.3867 62.5391 40 c
f
*U
56 46.541 m
52.3867 46.541 49.459 43.6133 49.459 40 c
49.459 36.3867 52.3867 33.459 56 33.459 c
59.6113 33.459 62.5391 36.3867 62.5391 40 c
62.5391 43.6133 59.6113 46.541 56 46.541 c
n
%AI6_EndPatternLayer
) &
(0 O 0 R 0.034455 0.976348 0.804776 0.004364 k
 0.034455 0.976348 0.804776 0.004364 K
) @
(
%AI6_BeginPatternLayer
*u
0 J 0 j 1 w 4 M []0 d16 32 m
16 16 L
0 16 L
0 32 L
16 32 L
f
14.5391 24 m
14.5391 27.6133 11.6113 30.541 8 30.541 c
4.3867 30.541 1.459 27.6133 1.459 24 c
1.459 20.3867 4.3867 17.459 8 17.459 c
11.6113 17.459 14.5391 20.3867 14.5391 24 c
f
*U
8 30.541 m
4.3867 30.541 1.459 27.6133 1.459 24 c
1.459 20.3867 4.3867 17.459 8 17.459 c
11.6113 17.459 14.5391 20.3867 14.5391 24 c
14.5391 27.6133 11.6113 30.541 8 30.541 c
n
*u
48 32 m
48 16 L
32 16 L
32 32 L
48 32 L
f
46.5391 24 m
46.5391 27.6133 43.6113 30.541 40 30.541 c
36.3867 30.541 33.459 27.6133 33.459 24 c
33.459 20.3867 36.3867 17.459 40 17.459 c
43.6113 17.459 46.5391 20.3867 46.5391 24 c
f
*U
40 30.541 m
36.3867 30.541 33.459 27.6133 33.459 24 c
33.459 20.3867 36.3867 17.459 40 17.459 c
43.6113 17.459 46.5391 20.3867 46.5391 24 c
46.5391 27.6133 43.6113 30.541 40 30.541 c
n
*u
80 32 m
80 16 L
64 16 L
64 32 L
80 32 L
f
78.5391 24 m
78.5391 27.6133 75.6113 30.541 72 30.541 c
68.3867 30.541 65.459 27.6133 65.459 24 c
65.459 20.3867 68.3867 17.459 72 17.459 c
75.6113 17.459 78.5391 20.3867 78.5391 24 c
f
*U
72 30.541 m
68.3867 30.541 65.459 27.6133 65.459 24 c
65.459 20.3867 68.3867 17.459 72 17.459 c
75.6113 17.459 78.5391 20.3867 78.5391 24 c
78.5391 27.6133 75.6113 30.541 72 30.541 c
n
%AI6_EndPatternLayer
) &
(0 O 0 R 0.804684 0.324224 0.258183 0.082551 k
 0.804684 0.324224 0.258183 0.082551 K
) @
(
%AI6_BeginPatternLayer
*u
0 J 0 j 1 w 4 M []0 d32 16 m
32 0 L
16 0 L
16 16 L
32 16 L
f
30.5391 8 m
30.5391 11.6133 27.6113 14.541 24 14.541 c
20.3867 14.541 17.459 11.6133 17.459 8 c
17.459 4.3887 20.3867 1.4609 24 1.4609 c
27.6113 1.4609 30.5391 4.3887 30.5391 8 c
f
*U
24 14.541 m
20.3867 14.541 17.459 11.6133 17.459 8 c
17.459 4.3887 20.3867 1.4609 24 1.4609 c
27.6113 1.4609 30.5391 4.3887 30.5391 8 c
30.5391 11.6133 27.6113 14.541 24 14.541 c
n
%AI6_EndPatternLayer
) &
(0 O 0 R 0.005219 0.396857 0.936583 0.000153 k
 0.005219 0.396857 0.936583 0.000153 K
) @
(
%AI6_BeginPatternLayer
*u
0 J 0 j 1 w 4 M []0 d64 16 m
64 0 L
48 0 L
48 16 L
64 16 L
f
62.5391 8 m
62.5391 11.6133 59.6113 14.541 56 14.541 c
52.3867 14.541 49.459 11.6133 49.459 8 c
49.459 4.3887 52.3867 1.4609 56 1.4609 c
59.6113 1.4609 62.5391 4.3887 62.5391 8 c
f
*U
56 14.541 m
52.3867 14.541 49.459 11.6133 49.459 8 c
49.459 4.3887 52.3867 1.4609 56 1.4609 c
59.6113 1.4609 62.5391 4.3887 62.5391 8 c
62.5391 11.6133 59.6113 14.541 56 14.541 c
n
%AI6_EndPatternLayer
) &
(0 O 0 R 0.034455 0.976348 0.804776 0.004364 k
 0.034455 0.976348 0.804776 0.004364 K
) @
(
%AI6_BeginPatternLayer
0 J 0 j 1 w 4 M []0 d8 65.459 m
11.6113 65.459 14.5391 68.3867 14.5391 72 c
14.5391 75.6133 11.6113 78.541 8 78.541 c
4.3867 78.541 1.459 75.6133 1.459 72 c
1.459 68.3867 4.3867 65.459 8 65.459 c
f
%AI6_EndPatternLayer
) &
(0 O 0 R 0.838498 0.194125 1 0.050355 k
 0.838498 0.194125 1 0.050355 K
) @
(
%AI6_BeginPatternLayer
0 J 0 j 1 w 4 M []0 d40 65.459 m
43.6113 65.459 46.5391 68.3867 46.5391 72 c
46.5391 75.6133 43.6113 78.541 40 78.541 c
36.3867 78.541 33.459 75.6133 33.459 72 c
33.459 68.3867 36.3867 65.459 40 65.459 c
f
%AI6_EndPatternLayer
) &
(0 O 0 R 0.034455 0.976348 0.804776 0.004364 k
 0.034455 0.976348 0.804776 0.004364 K
) @
(
%AI6_BeginPatternLayer
0 J 0 j 1 w 4 M []0 d72 65.459 m
75.6113 65.459 78.5391 68.3867 78.5391 72 c
78.5391 75.6133 75.6113 78.541 72 78.541 c
68.3867 78.541 65.459 75.6133 65.459 72 c
65.459 68.3867 68.3867 65.459 72 65.459 c
f
%AI6_EndPatternLayer
) &
(0 O 0 R 0.005219 0.396857 0.936583 0.000153 k
 0.005219 0.396857 0.936583 0.000153 K
) @
(
%AI6_BeginPatternLayer
0 J 0 j 1 w 4 M []0 d24 49.459 m
27.6113 49.459 30.5391 52.3867 30.5391 56 c
30.5391 59.6133 27.6113 62.541 24 62.541 c
20.3867 62.541 17.459 59.6133 17.459 56 c
17.459 52.3867 20.3867 49.459 24 49.459 c
f
%AI6_EndPatternLayer
) &
(0 O 0 R 0.804684 0.324224 0.258183 0.082551 k
 0.804684 0.324224 0.258183 0.082551 K
) @
(
%AI6_BeginPatternLayer
0 J 0 j 1 w 4 M []0 d56 49.459 m
59.6113 49.459 62.5391 52.3867 62.5391 56 c
62.5391 59.6133 59.6113 62.541 56 62.541 c
52.3867 62.541 49.459 59.6133 49.459 56 c
49.459 52.3867 52.3867 49.459 56 49.459 c
f
8 33.459 m
11.6113 33.459 14.5391 36.3867 14.5391 40 c
14.5391 43.6133 11.6113 46.541 8 46.541 c
4.3867 46.541 1.459 43.6133 1.459 40 c
1.459 36.3867 4.3867 33.459 8 33.459 c
f
%AI6_EndPatternLayer
) &
(0 O 0 R 0.034455 0.976348 0.804776 0.004364 k
 0.034455 0.976348 0.804776 0.004364 K
) @
(
%AI6_BeginPatternLayer
0 J 0 j 1 w 4 M []0 d40 33.459 m
43.6113 33.459 46.5391 36.3867 46.5391 40 c
46.5391 43.6133 43.6113 46.541 40 46.541 c
36.3867 46.541 33.459 43.6133 33.459 40 c
33.459 36.3867 36.3867 33.459 40 33.459 c
f
%AI6_EndPatternLayer
) &
(0 O 0 R 0.804684 0.324224 0.258183 0.082551 k
 0.804684 0.324224 0.258183 0.082551 K
) @
(
%AI6_BeginPatternLayer
0 J 0 j 1 w 4 M []0 d72 33.459 m
75.6113 33.459 78.5391 36.3867 78.5391 40 c
78.5391 43.6133 75.6113 46.541 72 46.541 c
68.3867 46.541 65.459 43.6133 65.459 40 c
65.459 36.3867 68.3867 33.459 72 33.459 c
f
%AI6_EndPatternLayer
) &
(0 O 0 R 0.005219 0.396857 0.936583 0.000153 k
 0.005219 0.396857 0.936583 0.000153 K
) @
(
%AI6_BeginPatternLayer
0 J 0 j 1 w 4 M []0 d24 17.459 m
27.6113 17.459 30.5391 20.3867 30.5391 24 c
30.5391 27.6133 27.6113 30.541 24 30.541 c
20.3867 30.541 17.459 27.6133 17.459 24 c
17.459 20.3867 20.3867 17.459 24 17.459 c
f
%AI6_EndPatternLayer
) &
(0 O 0 R 0.804684 0.324224 0.258183 0.082551 k
 0.804684 0.324224 0.258183 0.082551 K
) @
(
%AI6_BeginPatternLayer
0 J 0 j 1 w 4 M []0 d56 17.459 m
59.6113 17.459 62.5391 20.3867 62.5391 24 c
62.5391 27.6133 59.6113 30.541 56 30.541 c
52.3867 30.541 49.459 27.6133 49.459 24 c
49.459 20.3867 52.3867 17.459 56 17.459 c
f
%AI6_EndPatternLayer
) &
(0 O 0 R 0.034455 0.976348 0.804776 0.004364 k
 0.034455 0.976348 0.804776 0.004364 K
) @
(
%AI6_BeginPatternLayer
0 J 0 j 1 w 4 M []0 d8 1.4609 m
11.6113 1.4609 14.5391 4.3887 14.5391 8 c
14.5391 11.6133 11.6113 14.541 8 14.541 c
4.3867 14.541 1.459 11.6133 1.459 8 c
1.459 4.3887 4.3867 1.4609 8 1.4609 c
f
%AI6_EndPatternLayer
) &
(0 O 0 R 0.838498 0.194125 1 0.050355 k
 0.838498 0.194125 1 0.050355 K
) @
(
%AI6_BeginPatternLayer
0 J 0 j 1 w 4 M []0 d40 1.4609 m
43.6113 1.4609 46.5391 4.3887 46.5391 8 c
46.5391 11.6133 43.6113 14.541 40 14.541 c
36.3867 14.541 33.459 11.6133 33.459 8 c
33.459 4.3887 36.3867 1.4609 40 1.4609 c
f
%AI6_EndPatternLayer
) &
(0 O 0 R 0.034455 0.976348 0.804776 0.004364 k
 0.034455 0.976348 0.804776 0.004364 K
) @
(
%AI6_BeginPatternLayer
0 J 0 j 1 w 4 M []0 d72 1.4609 m
75.6113 1.4609 78.5391 4.3887 78.5391 8 c
78.5391 11.6133 75.6113 14.541 72 14.541 c
68.3867 14.541 65.459 11.6133 65.459 8 c
65.459 4.3887 68.3867 1.4609 72 1.4609 c
f
%AI6_EndPatternLayer
) &
] E
%AI3_EndPattern
%AI3_BeginPattern: (Unnamed Pattern 3)
(Unnamed Pattern 3) 5.249 5.248 82.7666 82.7676 [
%AI3_Tile
(0 O 0 R 0 0 0 0 k
 0 0 0 0 K
) @
(
%AI6_BeginPatternLayer
0 J 0 j 1 w 4 M []0 d18.167 18.168 m
F
44.0068 18.168 m
F
69.8477 18.168 m
F
18.167 44.0078 m
F
44.0068 44.0078 m
F
69.8477 44.0078 m
F
18.167 69.8477 m
F
44.0068 69.8477 m
F
69.8477 69.8477 m
F
%AI6_EndPatternLayer
) &
(0 O 0 R 0.277989 0.370977 0.592309 0.158785 k
 0.277989 0.370977 0.592309 0.158785 K
) @
(
%AI6_BeginPatternLayer
0 J 0 j 1 w 4 M []0 d7.6699 7.6699 m
10.4961 18.168 L
5.249 18.168 L
5.249 5.248 L
18.167 5.248 L
18.167 10.4961 L
7.6699 7.6699 L
f
18.167 5.248 m
18.167 0 L
44.0068 0 L
44.0068 5.248 L
18.167 5.248 L
n
%AI6_EndPatternLayer
) &
(0 O 0 R 0.065888 0.322942 0.738613 0.003632 k
 0.065888 0.322942 0.738613 0.003632 K
) @
(
%AI6_BeginPatternLayer
0 J 0 j 1 w 4 M []0 d44.0068 10.4961 m
33.5107 7.6699 L
36.3369 18.168 L
25.8398 18.168 L
28.666 7.6699 L
18.167 10.4961 L
18.167 5.248 L
44.0068 5.248 L
44.0068 10.4961 L
f
44.0068 5.248 m
44.0068 0 L
69.8477 0 L
69.8477 5.248 L
44.0068 5.248 L
n
%AI6_EndPatternLayer
) &
(0 O 0 R 0.249821 0.159457 0.516442 0.019989 k
 0.249821 0.159457 0.516442 0.019989 K
) @
(
%AI6_BeginPatternLayer
0 J 0 j 1 w 4 M []0 d59.3496 7.6699 m
62.1768 18.168 L
51.6787 18.168 L
54.5059 7.6699 L
44.0068 10.4961 L
44.0068 5.248 L
69.8477 5.248 L
69.8477 10.4961 L
59.3496 7.6699 L
f
82.7666 5.248 m
69.8477 5.248 L
69.8477 0 L
88.0156 0 L
88.0156 18.168 L
82.7666 18.168 L
82.7666 5.248 L
n
%AI6_EndPatternLayer
) &
(0 O 0 R 0.070039 0.504173 0.831571 0.003296 k
 0.070039 0.504173 0.831571 0.003296 K
) @
(
%AI6_BeginPatternLayer
0 J 0 j 1 w 4 M []0 d80.3447 7.6699 m
69.8477 10.4961 L
69.8477 5.248 L
82.7666 5.248 L
82.7666 18.168 L
77.5195 18.168 L
80.3447 7.6699 L
f
0 44.0078 m
0 18.168 L
5.249 18.168 L
5.249 44.0078 L
0 44.0078 L
n
%AI6_EndPatternLayer
) &
(0 O 0 R 0.308171 0.157382 0.650507 0.019593 k
 0.308171 0.157382 0.650507 0.019593 K
) @
(
%AI6_BeginPatternLayer
0 J 0 j 1 w 4 M []0 d7.6699 28.666 m
18.167 25.8398 L
18.167 36.3359 L
7.6699 33.5098 L
10.4961 44.0078 L
5.249 44.0078 L
5.249 18.168 L
10.4961 18.168 L
7.6699 28.666 L
f
%AI6_EndPatternLayer
) &
(0 O 0 R 0.203922 0.56228 0.714382 0.091951 k
 0.203922 0.56228 0.714382 0.091951 K
) @
(
%AI6_BeginPatternLayer
0 J 0 j 1 w 4 M []0 d44.0068 25.8398 m
44.0068 36.3359 L
33.5107 33.5098 L
36.3369 44.0078 L
25.8398 44.0078 L
28.666 33.5098 L
18.167 36.3359 L
18.167 25.8398 L
28.666 28.666 L
25.8398 18.168 L
36.3369 18.168 L
33.5107 28.666 L
44.0068 25.8398 L
f
%AI6_EndPatternLayer
) &
(0 O 0 R 0.316381 0.357183 0.767788 0.182345 k
 0.316381 0.357183 0.767788 0.182345 K
) @
(
%AI6_BeginPatternLayer
0 J 0 j 1 w 4 M []0 d62.1768 44.0078 m
51.6787 44.0078 L
54.5059 33.5098 L
44.0068 36.3359 L
44.0068 25.8398 L
54.5059 28.666 L
51.6787 18.168 L
62.1768 18.168 L
59.3496 28.666 L
69.8477 25.8398 L
69.8477 36.3359 L
59.3496 33.5098 L
62.1768 44.0078 L
f
82.7666 18.168 m
88.0156 18.168 L
88.0156 44.0078 L
82.7666 44.0078 L
82.7666 18.168 L
n
%AI6_EndPatternLayer
) &
(0 O 0 R 0.308171 0.157382 0.650507 0.019593 k
 0.308171 0.157382 0.650507 0.019593 K
) @
(
%AI6_BeginPatternLayer
0 J 0 j 1 w 4 M []0 d80.3447 33.5098 m
69.8477 36.3359 L
69.8477 25.8398 L
80.3447 28.666 L
77.5195 18.168 L
82.7666 18.168 L
82.7666 44.0078 L
77.5195 44.0078 L
80.3447 33.5098 L
f
5.249 69.8477 m
0 69.8477 L
0 44.0078 L
5.249 44.0078 L
5.249 69.8477 L
n
%AI6_EndPatternLayer
) &
(0 O 0 R 0.244785 0.30222 0.715694 0.095705 k
 0.244785 0.30222 0.715694 0.095705 K
) @
(
%AI6_BeginPatternLayer
0 J 0 j 1 w 4 M []0 d18.167 51.6797 m
18.167 62.1758 L
7.6699 59.3496 L
10.4961 69.8477 L
5.249 69.8477 L
5.249 44.0078 L
10.4961 44.0078 L
7.6699 54.5059 L
18.167 51.6797 L
f
%AI6_EndPatternLayer
) &
(0 O 0 R 0.316381 0.357183 0.767788 0.182345 k
 0.316381 0.357183 0.767788 0.182345 K
) @
(
%AI6_BeginPatternLayer
0 J 0 j 1 w 4 M []0 d44.0068 51.6797 m
44.0068 62.1758 L
33.5107 59.3496 L
36.3369 69.8477 L
25.8398 69.8477 L
28.666 59.3496 L
18.167 62.1758 L
18.167 51.6797 L
28.666 54.5059 L
25.8398 44.0078 L
36.3369 44.0078 L
33.5107 54.5059 L
44.0068 51.6797 L
f
%AI6_EndPatternLayer
) &
(0 O 0 R 0.371954 0.375555 0.818479 0.230167 k
 0.371954 0.375555 0.818479 0.230167 K
) @
(
%AI6_BeginPatternLayer
0 J 0 j 1 w 4 M []0 d44.0068 62.1758 m
44.0068 51.6797 L
54.5059 54.5059 L
51.6787 44.0078 L
62.1768 44.0078 L
59.3496 54.5059 L
69.8477 51.6797 L
69.8477 62.1758 L
59.3496 59.3496 L
62.1768 69.8477 L
51.6787 69.8477 L
54.5059 59.3496 L
44.0068 62.1758 L
f
82.7666 44.0078 m
88.0156 44.0078 L
88.0156 69.8477 L
82.7666 69.8477 L
82.7666 44.0078 L
n
%AI6_EndPatternLayer
) &
(0 O 0 R 0.244785 0.30222 0.715694 0.095705 k
 0.244785 0.30222 0.715694 0.095705 K
) @
(
%AI6_BeginPatternLayer
0 J 0 j 1 w 4 M []0 d80.3447 59.3496 m
69.8477 62.1758 L
69.8477 51.6797 L
80.3447 54.5059 L
77.5195 44.0078 L
82.7666 44.0078 L
82.7666 69.8477 L
77.5195 69.8477 L
80.3447 59.3496 L
f
5.249 82.7676 m
18.167 82.7676 L
18.167 88.0176 L
0.0234 88.0176 L
0 69.8477 L
5.249 69.8477 L
5.249 82.7676 L
n
%AI6_EndPatternLayer
) &
(0 O 0 R 0.070039 0.504173 0.831571 0.003296 k
 0.070039 0.504173 0.831571 0.003296 K
) @
(
%AI6_BeginPatternLayer
0 J 0 j 1 w 4 M []0 d7.6699 80.3457 m
18.167 77.5195 L
18.167 82.7676 L
5.249 82.7676 L
5.249 69.8477 L
10.4961 69.8477 L
7.6699 80.3457 L
f
44.0068 82.7676 m
44.0068 88.0176 L
18.167 88.0176 L
18.167 82.7676 L
44.0068 82.7676 L
n
%AI6_EndPatternLayer
) &
(0 O 0 R 0.065888 0.322942 0.738613 0.003632 k
 0.065888 0.322942 0.738613 0.003632 K
) @
(
%AI6_BeginPatternLayer
0 J 0 j 1 w 4 M []0 d28.666 80.3457 m
25.8398 69.8477 L
36.3369 69.8477 L
33.5107 80.3457 L
44.0068 77.5195 L
44.0068 82.7676 L
18.167 82.7676 L
18.167 77.5195 L
28.666 80.3457 L
f
69.8477 82.7676 m
69.8477 88.0176 L
44.0068 88.0176 L
44.0068 82.7676 L
69.8477 82.7676 L
n
%AI6_EndPatternLayer
) &
(0 O 0 R 0.249821 0.159457 0.516442 0.019989 k
 0.249821 0.159457 0.516442 0.019989 K
) @
(
%AI6_BeginPatternLayer
0 J 0 j 1 w 4 M []0 d44.0068 77.5195 m
54.5059 80.3457 L
51.6787 69.8477 L
62.1768 69.8477 L
59.3496 80.3457 L
69.8477 77.5195 L
69.8477 82.7676 L
44.0068 82.7676 L
44.0068 77.5195 L
f
69.8477 88.0176 m
69.8477 82.7676 L
82.7666 82.7676 L
82.7666 69.8477 L
88.0156 69.8477 L
88.0156 88.0176 L
69.8477 88.0176 L
n
%AI6_EndPatternLayer
) &
(0 O 0 R 0.277989 0.370977 0.592309 0.158785 k
 0.277989 0.370977 0.592309 0.158785 K
) @
(
%AI6_BeginPatternLayer
0 J 0 j 1 w 4 M []0 d80.3447 80.3457 m
77.5195 69.8477 L
82.7666 69.8477 L
82.7666 82.7676 L
69.8477 82.7676 L
69.8477 77.5195 L
80.3447 80.3457 L
f
%AI6_EndPatternLayer
) &
(0 O 0 R 0 0.705501 0.937102 0 k
 0 0.705501 0.937102 0 K
) @
(
%AI6_BeginPatternLayer
0 J 0 j 0.5 w 4 M []0 d18.167 25.8398 m
7.6699 28.666 L
10.4961 18.168 L
7.6699 7.6699 L
18.167 10.4961 L
28.666 7.6699 L
25.8398 18.168 L
28.666 28.666 L
18.167 25.8398 L
f
%AI6_EndPatternLayer
) &
(0 O 0 R 0.051881 0.262303 0.929595 0.00235 k
 0.051881 0.262303 0.929595 0.00235 K
) @
(
%AI6_BeginPatternLayer
0 J 0 j 0.5 w 4 M []0 d18.167 25.8398 m
7.6699 28.666 L
10.4961 18.168 L
7.6699 7.6699 L
18.167 10.4961 L
28.666 7.6699 L
25.8398 18.168 L
28.666 28.666 L
18.167 25.8398 L
s
%AI6_EndPatternLayer
) &
(0 O 0 R 0.159091 0.717586 0.926513 0.047028 k
 0.159091 0.717586 0.926513 0.047028 K
) @
(
%AI6_BeginPatternLayer
0 J 0 j 0.5 w 4 M []0 d51.6787 18.168 m
54.5059 28.666 L
44.0068 25.8398 L
33.5107 28.666 L
36.3369 18.168 L
33.5107 7.6699 L
44.0068 10.4961 L
54.5059 7.6699 L
51.6787 18.168 L
f
%AI6_EndPatternLayer
) &
(0 O 0 R 0.311009 0.846891 1 0.404974 k
 0.311009 0.846891 1 0.404974 K
) @
(
%AI6_BeginPatternLayer
0 J 0 j 0.5 w 4 M []0 d51.6787 18.168 m
54.5059 28.666 L
44.0068 25.8398 L
33.5107 28.666 L
36.3369 18.168 L
33.5107 7.6699 L
44.0068 10.4961 L
54.5059 7.6699 L
51.6787 18.168 L
s
%AI6_EndPatternLayer
) &
(0 O 0 R 0 0.636408 0.90811 0 k
 0 0.636408 0.90811 0 K
) @
(
%AI6_BeginPatternLayer
0 J 0 j 0.5 w 4 M []0 d62.1768 18.168 m
59.3496 7.6699 L
69.8477 10.4961 L
80.3447 7.6699 L
77.5195 18.168 L
80.3447 28.666 L
69.8477 25.8398 L
59.3496 28.666 L
62.1768 18.168 L
f
%AI6_EndPatternLayer
) &
(0 O 0 R 0.150881 0.76614 1 0.042786 k
 0.150881 0.76614 1 0.042786 K
) @
(
%AI6_BeginPatternLayer
0 J 0 j 0.5 w 4 M []0 d62.1768 18.168 m
59.3496 7.6699 L
69.8477 10.4961 L
80.3447 7.6699 L
77.5195 18.168 L
80.3447 28.666 L
69.8477 25.8398 L
59.3496 28.666 L
62.1768 18.168 L
s
%AI6_EndPatternLayer
) &
(0 O 0 R 0.036469 0.527489 0.73904 0.001556 k
 0.036469 0.527489 0.73904 0.001556 K
) @
(
%AI6_BeginPatternLayer
0 J 0 j 0.5 w 4 M []0 d25.8398 44.0078 m
28.666 54.5059 L
18.167 51.6797 L
7.6699 54.5059 L
10.4961 44.0078 L
7.6699 33.5098 L
18.167 36.3359 L
28.666 33.5098 L
25.8398 44.0078 L
f
%AI6_EndPatternLayer
) &
(0 O 0 R 0 0.705501 0.937102 0 k
 0 0.705501 0.937102 0 K
) @
(
%AI6_BeginPatternLayer
0 J 0 j 0.5 w 4 M []0 d25.8398 44.0078 m
28.666 54.5059 L
18.167 51.6797 L
7.6699 54.5059 L
10.4961 44.0078 L
7.6699 33.5098 L
18.167 36.3359 L
28.666 33.5098 L
25.8398 44.0078 L
s
%AI6_EndPatternLayer
) &
(0 O 0 R 0.115236 0.783535 0.963806 0.021302 k
 0.115236 0.783535 0.963806 0.021302 K
) @
(
%AI6_BeginPatternLayer
0 J 0 j 0.5 w 4 M []0 d51.6787 44.0078 m
54.5059 54.5059 L
44.0068 51.6797 L
33.5107 54.5059 L
36.3369 44.0078 L
33.5107 33.5098 L
44.0068 36.3359 L
54.5059 33.5098 L
51.6787 44.0078 L
f
%AI6_EndPatternLayer
) &
(0 O 0 R 0.158694 0.67071 1 0.048493 k
 0.158694 0.67071 1 0.048493 K
) @
(
%AI6_BeginPatternLayer
0 J 0 j 0.5 w 4 M []0 d51.6787 44.0078 m
54.5059 54.5059 L
44.0068 51.6797 L
33.5107 54.5059 L
36.3369 44.0078 L
33.5107 33.5098 L
44.0068 36.3359 L
54.5059 33.5098 L
51.6787 44.0078 L
s
%AI6_EndPatternLayer
) &
(0 O 0 R 0 0.519951 0.937926 0.000183 k
 0 0.519951 0.937926 0.000183 K
) @
(
%AI6_BeginPatternLayer
0 J 0 j 0.5 w 4 M []0 d62.1768 44.0078 m
59.3496 33.5098 L
69.8477 36.3359 L
80.3447 33.5098 L
77.5195 44.0078 L
80.3447 54.5059 L
69.8477 51.6797 L
59.3496 54.5059 L
62.1768 44.0078 L
f
%AI6_EndPatternLayer
) &
(0 O 0 R 0.017517 0.349157 0.721767 0 k
 0.017517 0.349157 0.721767 0 K
) @
(
%AI6_BeginPatternLayer
0 J 0 j 0.5 w 4 M []0 d62.1768 44.0078 m
59.3496 33.5098 L
69.8477 36.3359 L
80.3447 33.5098 L
77.5195 44.0078 L
80.3447 54.5059 L
69.8477 51.6797 L
59.3496 54.5059 L
62.1768 44.0078 L
s
%AI6_EndPatternLayer
) &
(0 O 0 R 0.025147 0.164431 0.913359 0 k
 0.025147 0.164431 0.913359 0 K
) @
(
%AI6_BeginPatternLayer
0 J 0 j 0.5 w 4 M []0 d25.8398 69.8477 m
28.666 80.3457 L
18.167 77.5195 L
7.6699 80.3457 L
10.4961 69.8477 L
7.6699 59.3496 L
18.167 62.1758 L
28.666 59.3496 L
25.8398 69.8477 L
f
%AI6_EndPatternLayer
) &
(0 O 0 R 0.06244 0.602136 0.941741 0.004852 k
 0.06244 0.602136 0.941741 0.004852 K
) @
(
%AI6_BeginPatternLayer
0 J 0 j 0.5 w 4 M []0 d25.8398 69.8477 m
28.666 80.3457 L
18.167 77.5195 L
7.6699 80.3457 L
10.4961 69.8477 L
7.6699 59.3496 L
18.167 62.1758 L
28.666 59.3496 L
25.8398 69.8477 L
s
%AI6_EndPatternLayer
) &
(0 O 0 R 0.010468 0.401709 0.918883 0.000153 k
 0.010468 0.401709 0.918883 0.000153 K
) @
(
%AI6_BeginPatternLayer
0 J 0 j 0.5 w 4 M []0 d36.3369 69.8477 m
33.5107 59.3496 L
44.0068 62.1758 L
54.5059 59.3496 L
51.6787 69.8477 L
54.5059 80.3457 L
44.0068 77.5195 L
33.5107 80.3457 L
36.3369 69.8477 L
f
%AI6_EndPatternLayer
) &
(0 O 0 R 0.016907 0.199527 0.916289 0 k
 0.016907 0.199527 0.916289 0 K
) @
(
%AI6_BeginPatternLayer
0 J 0 j 0.5 w 4 M []0 d36.3369 69.8477 m
33.5107 59.3496 L
44.0068 62.1758 L
54.5059 59.3496 L
51.6787 69.8477 L
54.5059 80.3457 L
44.0068 77.5195 L
33.5107 80.3457 L
36.3369 69.8477 L
s
%AI6_EndPatternLayer
) &
(0 O 0 R 0 0.705501 0.937102 0 k
 0 0.705501 0.937102 0 K
) @
(
%AI6_BeginPatternLayer
0 J 0 j 0.5 w 4 M []0 d69.8477 62.1758 m
80.3447 59.3496 L
77.5195 69.8477 L
80.3447 80.3457 L
69.8477 77.5195 L
59.3496 80.3457 L
62.1768 69.8477 L
59.3496 59.3496 L
69.8477 62.1758 L
f
%AI6_EndPatternLayer
) &
(0 O 0 R 0.158694 0.67071 1 0.048493 k
 0.158694 0.67071 1 0.048493 K
) @
(
%AI6_BeginPatternLayer
0 J 0 j 0.5 w 4 M []0 d69.8477 62.1758 m
80.3447 59.3496 L
77.5195 69.8477 L
80.3447 80.3457 L
69.8477 77.5195 L
59.3496 80.3457 L
62.1768 69.8477 L
59.3496 59.3496 L
69.8477 62.1758 L
s
%AI6_EndPatternLayer
) &
] E
%AI3_EndPattern
%AI3_BeginPattern: (Unnamed Pattern 6)
(Unnamed Pattern 6) 12.8496 12.8501 102.8496 102.8491 [
%AI3_Tile
(0 O 0 R 0.415137 0.295689 1 0.139925 k
 0.415137 0.295689 1 0.139925 K
) @
(
%AI6_BeginPatternLayer
0 J 0 j 1 w 4 M []0 d16.5996 24.1001 m
16.5996 31.6001 L
9.0996 31.6001 L
9.0996 24.1001 L
16.5996 24.1001 L
f
%AI6_EndPatternLayer
) &
(0 O 0 R 0.016907 0.199527 0.916289 0 k
 0.016907 0.199527 0.916289 0 K
) @
(
%AI6_BeginPatternLayer
0 J 0 j 1 w 4 M []0 d31.5996 24.1001 m
31.5996 31.6001 L
24.0996 31.6001 L
24.0996 24.1001 L
31.5996 24.1001 L
f
%AI6_EndPatternLayer
) &
(0 O 0 R 0.415137 0.295689 1 0.139925 k
 0.415137 0.295689 1 0.139925 K
) @
(
%AI6_BeginPatternLayer
0 J 0 j 1 w 4 M []0 d31.5996 9.1001 m
31.5996 16.6001 L
24.0996 16.6001 L
24.0996 9.1001 L
31.5996 9.1001 L
f
46.5996 24.1001 m
46.5996 31.6001 L
39.0996 31.6001 L
39.0996 24.1001 L
46.5996 24.1001 L
f
%AI6_EndPatternLayer
) &
(0 O 0 R 0.016907 0.199527 0.916289 0 k
 0.016907 0.199527 0.916289 0 K
) @
(
%AI6_BeginPatternLayer
0 J 0 j 1 w 4 M []0 d61.5996 24.1001 m
61.5996 31.6001 L
54.0996 31.6001 L
54.0996 24.1001 L
61.5996 24.1001 L
f
%AI6_EndPatternLayer
) &
(0 O 0 R 0.415137 0.295689 1 0.139925 k
 0.415137 0.295689 1 0.139925 K
) @
(
%AI6_BeginPatternLayer
0 J 0 j 1 w 4 M []0 d61.5996 9.1001 m
61.5996 16.6001 L
54.0996 16.6001 L
54.0996 9.1001 L
61.5996 9.1001 L
f
76.5996 24.1001 m
76.5996 31.6001 L
69.0996 31.6001 L
69.0996 24.1001 L
76.5996 24.1001 L
f
%AI6_EndPatternLayer
) &
(0 O 0 R 0.016907 0.199527 0.916289 0 k
 0.016907 0.199527 0.916289 0 K
) @
(
%AI6_BeginPatternLayer
0 J 0 j 1 w 4 M []0 d91.5996 24.1001 m
91.5996 31.6001 L
84.0996 31.6001 L
84.0996 24.1001 L
91.5996 24.1001 L
f
%AI6_EndPatternLayer
) &
(0 O 0 R 0.415137 0.295689 1 0.139925 k
 0.415137 0.295689 1 0.139925 K
) @
(
%AI6_BeginPatternLayer
0 J 0 j 1 w 4 M []0 d91.5996 9.1001 m
91.5996 16.6001 L
84.0996 16.6001 L
84.0996 9.1001 L
91.5996 9.1001 L
f
106.5996 24.1001 m
106.5996 31.6001 L
99.0996 31.6001 L
99.0996 24.1001 L
106.5996 24.1001 L
f
16.5996 54.1001 m
16.5996 61.6001 L
9.0996 61.6001 L
9.0996 54.1001 L
16.5996 54.1001 L
f
%AI6_EndPatternLayer
) &
(0 O 0 R 0.016907 0.199527 0.916289 0 k
 0.016907 0.199527 0.916289 0 K
) @
(
%AI6_BeginPatternLayer
0 J 0 j 1 w 4 M []0 d31.5996 54.1001 m
31.5996 61.6001 L
24.0996 61.6001 L
24.0996 54.1001 L
31.5996 54.1001 L
f
%AI6_EndPatternLayer
) &
(0 O 0 R 0.415137 0.295689 1 0.139925 k
 0.415137 0.295689 1 0.139925 K
) @
(
%AI6_BeginPatternLayer
0 J 0 j 1 w 4 M []0 d31.5996 39.1001 m
31.5996 46.6001 L
24.0996 46.6001 L
24.0996 39.1001 L
31.5996 39.1001 L
f
46.5996 54.1001 m
46.5996 61.6001 L
39.0996 61.6001 L
39.0996 54.1001 L
46.5996 54.1001 L
f
%AI6_EndPatternLayer
) &
(0 O 0 R 0.016907 0.199527 0.916289 0 k
 0.016907 0.199527 0.916289 0 K
) @
(
%AI6_BeginPatternLayer
0 J 0 j 1 w 4 M []0 d61.5996 54.1001 m
61.5996 61.6001 L
54.0996 61.6001 L
54.0996 54.1001 L
61.5996 54.1001 L
f
%AI6_EndPatternLayer
) &
(0 O 0 R 0.415137 0.295689 1 0.139925 k
 0.415137 0.295689 1 0.139925 K
) @
(
%AI6_BeginPatternLayer
0 J 0 j 1 w 4 M []0 d61.5996 39.1001 m
61.5996 46.6001 L
54.0996 46.6001 L
54.0996 39.1001 L
61.5996 39.1001 L
f
76.5996 54.1001 m
76.5996 61.6001 L
69.0996 61.6001 L
69.0996 54.1001 L
76.5996 54.1001 L
f
%AI6_EndPatternLayer
) &
(0 O 0 R 0.016907 0.199527 0.916289 0 k
 0.016907 0.199527 0.916289 0 K
) @
(
%AI6_BeginPatternLayer
0 J 0 j 1 w 4 M []0 d91.5996 54.1001 m
91.5996 61.6001 L
84.0996 61.6001 L
84.0996 54.1001 L
91.5996 54.1001 L
f
%AI6_EndPatternLayer
) &
(0 O 0 R 0.415137 0.295689 1 0.139925 k
 0.415137 0.295689 1 0.139925 K
) @
(
%AI6_BeginPatternLayer
0 J 0 j 1 w 4 M []0 d91.5996 39.1001 m
91.5996 46.6001 L
84.0996 46.6001 L
84.0996 39.1001 L
91.5996 39.1001 L
f
106.5996 54.1001 m
106.5996 61.6001 L
99.0996 61.6001 L
99.0996 54.1001 L
106.5996 54.1001 L
f
16.5996 84.1001 m
16.5996 91.5991 L
9.0996 91.5991 L
9.0996 84.1001 L
16.5996 84.1001 L
f
%AI6_EndPatternLayer
) &
(0 O 0 R 0.016907 0.199527 0.916289 0 k
 0.016907 0.199527 0.916289 0 K
) @
(
%AI6_BeginPatternLayer
0 J 0 j 1 w 4 M []0 d31.5996 84.1001 m
31.5996 91.5991 L
24.0996 91.5991 L
24.0996 84.1001 L
31.5996 84.1001 L
f
%AI6_EndPatternLayer
) &
(0 O 0 R 0.415137 0.295689 1 0.139925 k
 0.415137 0.295689 1 0.139925 K
) @
(
%AI6_BeginPatternLayer
0 J 0 j 1 w 4 M []0 d31.5996 69.1001 m
31.5996 76.6001 L
24.0996 76.6001 L
24.0996 69.1001 L
31.5996 69.1001 L
f
46.5996 84.1001 m
46.5996 91.5991 L
39.0996 91.5991 L
39.0996 84.1001 L
46.5996 84.1001 L
f
%AI6_EndPatternLayer
) &
(0 O 0 R 0.016907 0.199527 0.916289 0 k
 0.016907 0.199527 0.916289 0 K
) @
(
%AI6_BeginPatternLayer
0 J 0 j 1 w 4 M []0 d61.5996 84.1001 m
61.5996 91.5991 L
54.0996 91.5991 L
54.0996 84.1001 L
61.5996 84.1001 L
f
%AI6_EndPatternLayer
) &
(0 O 0 R 0.415137 0.295689 1 0.139925 k
 0.415137 0.295689 1 0.139925 K
) @
(
%AI6_BeginPatternLayer
0 J 0 j 1 w 4 M []0 d61.5996 69.1001 m
61.5996 76.6001 L
54.0996 76.6001 L
54.0996 69.1001 L
61.5996 69.1001 L
f
76.5996 84.1001 m
76.5996 91.5991 L
69.0996 91.5991 L
69.0996 84.1001 L
76.5996 84.1001 L
f
%AI6_EndPatternLayer
) &
(0 O 0 R 0.016907 0.199527 0.916289 0 k
 0.016907 0.199527 0.916289 0 K
) @
(
%AI6_BeginPatternLayer
0 J 0 j 1 w 4 M []0 d91.5996 84.1001 m
91.5996 91.5991 L
84.0996 91.5991 L
84.0996 84.1001 L
91.5996 84.1001 L
f
%AI6_EndPatternLayer
) &
(0 O 0 R 0.415137 0.295689 1 0.139925 k
 0.415137 0.295689 1 0.139925 K
) @
(
%AI6_BeginPatternLayer
0 J 0 j 1 w 4 M []0 d91.5996 69.1001 m
91.5996 76.6001 L
84.0996 76.6001 L
84.0996 69.1001 L
91.5996 69.1001 L
f
106.5996 84.1001 m
106.5996 91.5991 L
99.0996 91.5991 L
99.0996 84.1001 L
106.5996 84.1001 L
f
31.5996 99.0991 m
31.5996 106.5991 L
24.0996 106.5991 L
24.0996 99.0991 L
31.5996 99.0991 L
f
61.5996 99.0991 m
61.5996 106.5991 L
54.0996 106.5991 L
54.0996 99.0991 L
61.5996 99.0991 L
f
91.5996 99.0991 m
91.5996 106.5991 L
84.0996 106.5991 L
84.0996 99.0991 L
91.5996 99.0991 L
f
%AI6_EndPatternLayer
) &
(0 O 0 R 0.270817 0.072541 0.94583 0.001221 k
 0.270817 0.072541 0.94583 0.001221 K
) @
(
%AI6_BeginPatternLayer
0 J 0 j 0.3 w 4 M []0 d24.0996 1.6001 m
24.0996 24.1001 L
1.6001 24.1001 L
1.6001 1.6001 L
24.0996 1.6001 L
f
%AI6_EndPatternLayer
) &
(0 O 0 R 0.912474 0.787625 0.619837 0.97467 k
 0.912474 0.787625 0.619837 0.97467 K
) @
(
%AI6_BeginPatternLayer
0 J 0 j 0.3 w 4 M []0 d24.0996 1.6001 m
24.0996 24.1001 L
1.6001 24.1001 L
1.6001 1.6001 L
24.0996 1.6001 L
s
12.8496 12.8501 m
S
%AI6_EndPatternLayer
) &
(0 O 0 R 0.270817 0.072541 0.94583 0.001221 k
 0.270817 0.072541 0.94583 0.001221 K
) @
(
%AI6_BeginPatternLayer
0 J 0 j 0.3 w 4 M []0 d54.0996 1.6001 m
54.0996 24.1001 L
31.5996 24.1001 L
31.5996 1.6001 L
54.0996 1.6001 L
f
%AI6_EndPatternLayer
) &
(0 O 0 R 0.912474 0.787625 0.619837 0.97467 k
 0.912474 0.787625 0.619837 0.97467 K
) @
(
%AI6_BeginPatternLayer
0 J 0 j 0.3 w 4 M []0 d54.0996 1.6001 m
54.0996 24.1001 L
31.5996 24.1001 L
31.5996 1.6001 L
54.0996 1.6001 L
s
42.8496 12.8501 m
S
%AI6_EndPatternLayer
) &
(0 O 0 R 0.270817 0.072541 0.94583 0.001221 k
 0.270817 0.072541 0.94583 0.001221 K
) @
(
%AI6_BeginPatternLayer
0 J 0 j 0.3 w 4 M []0 d84.0996 1.6001 m
84.0996 24.1001 L
61.5996 24.1001 L
61.5996 1.6001 L
84.0996 1.6001 L
f
%AI6_EndPatternLayer
) &
(0 O 0 R 0.912474 0.787625 0.619837 0.97467 k
 0.912474 0.787625 0.619837 0.97467 K
) @
(
%AI6_BeginPatternLayer
0 J 0 j 0.3 w 4 M []0 d84.0996 1.6001 m
84.0996 24.1001 L
61.5996 24.1001 L
61.5996 1.6001 L
84.0996 1.6001 L
s
72.8496 12.8501 m
S
%AI6_EndPatternLayer
) &
(0 O 0 R 0.270817 0.072541 0.94583 0.001221 k
 0.270817 0.072541 0.94583 0.001221 K
) @
(
%AI6_BeginPatternLayer
0 J 0 j 0.3 w 4 M []0 d114.0996 1.6001 m
114.0996 24.1001 L
91.5996 24.1001 L
91.5996 1.6001 L
114.0996 1.6001 L
f
%AI6_EndPatternLayer
) &
(0 O 0 R 0.912474 0.787625 0.619837 0.97467 k
 0.912474 0.787625 0.619837 0.97467 K
) @
(
%AI6_BeginPatternLayer
0 J 0 j 0.3 w 4 M []0 d114.0996 1.6001 m
114.0996 24.1001 L
91.5996 24.1001 L
91.5996 1.6001 L
114.0996 1.6001 L
s
102.8496 12.8501 m
S
%AI6_EndPatternLayer
) &
(0 O 0 R 0.270817 0.072541 0.94583 0.001221 k
 0.270817 0.072541 0.94583 0.001221 K
) @
(
%AI6_BeginPatternLayer
0 J 0 j 0.3 w 4 M []0 d24.0996 31.6001 m
24.0996 54.1001 L
1.6001 54.1001 L
1.6001 31.6001 L
24.0996 31.6001 L
f
%AI6_EndPatternLayer
) &
(0 O 0 R 0.912474 0.787625 0.619837 0.97467 k
 0.912474 0.787625 0.619837 0.97467 K
) @
(
%AI6_BeginPatternLayer
0 J 0 j 0.3 w 4 M []0 d24.0996 31.6001 m
24.0996 54.1001 L
1.6001 54.1001 L
1.6001 31.6001 L
24.0996 31.6001 L
s
12.8496 42.8501 m
S
%AI6_EndPatternLayer
) &
(0 O 0 R 0.270817 0.072541 0.94583 0.001221 k
 0.270817 0.072541 0.94583 0.001221 K
) @
(
%AI6_BeginPatternLayer
0 J 0 j 0.3 w 4 M []0 d54.0996 31.6001 m
54.0996 54.1001 L
31.5996 54.1001 L
31.5996 31.6001 L
54.0996 31.6001 L
f
%AI6_EndPatternLayer
) &
(0 O 0 R 0.912474 0.787625 0.619837 0.97467 k
 0.912474 0.787625 0.619837 0.97467 K
) @
(
%AI6_BeginPatternLayer
0 J 0 j 0.3 w 4 M []0 d54.0996 31.6001 m
54.0996 54.1001 L
31.5996 54.1001 L
31.5996 31.6001 L
54.0996 31.6001 L
s
42.8496 42.8501 m
S
%AI6_EndPatternLayer
) &
(0 O 0 R 0.270817 0.072541 0.94583 0.001221 k
 0.270817 0.072541 0.94583 0.001221 K
) @
(
%AI6_BeginPatternLayer
0 J 0 j 0.3 w 4 M []0 d84.0996 31.6001 m
84.0996 54.1001 L
61.5996 54.1001 L
61.5996 31.6001 L
84.0996 31.6001 L
f
%AI6_EndPatternLayer
) &
(0 O 0 R 0.912474 0.787625 0.619837 0.97467 k
 0.912474 0.787625 0.619837 0.97467 K
) @
(
%AI6_BeginPatternLayer
0 J 0 j 0.3 w 4 M []0 d84.0996 31.6001 m
84.0996 54.1001 L
61.5996 54.1001 L
61.5996 31.6001 L
84.0996 31.6001 L
s
72.8496 42.8501 m
S
%AI6_EndPatternLayer
) &
(0 O 0 R 0.270817 0.072541 0.94583 0.001221 k
 0.270817 0.072541 0.94583 0.001221 K
) @
(
%AI6_BeginPatternLayer
0 J 0 j 0.3 w 4 M []0 d114.0996 31.6001 m
114.0996 54.1001 L
91.5996 54.1001 L
91.5996 31.6001 L
114.0996 31.6001 L
f
%AI6_EndPatternLayer
) &
(0 O 0 R 0.912474 0.787625 0.619837 0.97467 k
 0.912474 0.787625 0.619837 0.97467 K
) @
(
%AI6_BeginPatternLayer
0 J 0 j 0.3 w 4 M []0 d114.0996 31.6001 m
114.0996 54.1001 L
91.5996 54.1001 L
91.5996 31.6001 L
114.0996 31.6001 L
s
102.8496 42.8501 m
S
%AI6_EndPatternLayer
) &
(0 O 0 R 0.270817 0.072541 0.94583 0.001221 k
 0.270817 0.072541 0.94583 0.001221 K
) @
(
%AI6_BeginPatternLayer
0 J 0 j 0.3 w 4 M []0 d24.0996 61.6001 m
24.0996 84.1001 L
1.6001 84.1001 L
1.6001 61.6001 L
24.0996 61.6001 L
f
%AI6_EndPatternLayer
) &
(0 O 0 R 0.912474 0.787625 0.619837 0.97467 k
 0.912474 0.787625 0.619837 0.97467 K
) @
(
%AI6_BeginPatternLayer
0 J 0 j 0.3 w 4 M []0 d24.0996 61.6001 m
24.0996 84.1001 L
1.6001 84.1001 L
1.6001 61.6001 L
24.0996 61.6001 L
s
12.8496 72.8501 m
S
%AI6_EndPatternLayer
) &
(0 O 0 R 0.270817 0.072541 0.94583 0.001221 k
 0.270817 0.072541 0.94583 0.001221 K
) @
(
%AI6_BeginPatternLayer
0 J 0 j 0.3 w 4 M []0 d54.0996 61.6001 m
54.0996 84.1001 L
31.5996 84.1001 L
31.5996 61.6001 L
54.0996 61.6001 L
f
%AI6_EndPatternLayer
) &
(0 O 0 R 0.912474 0.787625 0.619837 0.97467 k
 0.912474 0.787625 0.619837 0.97467 K
) @
(
%AI6_BeginPatternLayer
0 J 0 j 0.3 w 4 M []0 d54.0996 61.6001 m
54.0996 84.1001 L
31.5996 84.1001 L
31.5996 61.6001 L
54.0996 61.6001 L
s
42.8496 72.8501 m
S
%AI6_EndPatternLayer
) &
(0 O 0 R 0.270817 0.072541 0.94583 0.001221 k
 0.270817 0.072541 0.94583 0.001221 K
) @
(
%AI6_BeginPatternLayer
0 J 0 j 0.3 w 4 M []0 d84.0996 61.6001 m
84.0996 84.1001 L
61.5996 84.1001 L
61.5996 61.6001 L
84.0996 61.6001 L
f
%AI6_EndPatternLayer
) &
(0 O 0 R 0.912474 0.787625 0.619837 0.97467 k
 0.912474 0.787625 0.619837 0.97467 K
) @
(
%AI6_BeginPatternLayer
0 J 0 j 0.3 w 4 M []0 d84.0996 61.6001 m
84.0996 84.1001 L
61.5996 84.1001 L
61.5996 61.6001 L
84.0996 61.6001 L
s
72.8496 72.8501 m
S
%AI6_EndPatternLayer
) &
(0 O 0 R 0.270817 0.072541 0.94583 0.001221 k
 0.270817 0.072541 0.94583 0.001221 K
) @
(
%AI6_BeginPatternLayer
0 J 0 j 0.3 w 4 M []0 d114.0996 61.6001 m
114.0996 84.1001 L
91.5996 84.1001 L
91.5996 61.6001 L
114.0996 61.6001 L
f
%AI6_EndPatternLayer
) &
(0 O 0 R 0.912474 0.787625 0.619837 0.97467 k
 0.912474 0.787625 0.619837 0.97467 K
) @
(
%AI6_BeginPatternLayer
0 J 0 j 0.3 w 4 M []0 d114.0996 61.6001 m
114.0996 84.1001 L
91.5996 84.1001 L
91.5996 61.6001 L
114.0996 61.6001 L
s
102.8496 72.8501 m
S
%AI6_EndPatternLayer
) &
(0 O 0 R 0.270817 0.072541 0.94583 0.001221 k
 0.270817 0.072541 0.94583 0.001221 K
) @
(
%AI6_BeginPatternLayer
0 J 0 j 0.3 w 4 M []0 d24.0996 91.5991 m
24.0996 114.0991 L
1.6001 114.0991 L
1.6001 91.5991 L
24.0996 91.5991 L
f
%AI6_EndPatternLayer
) &
(0 O 0 R 0.912474 0.787625 0.619837 0.97467 k
 0.912474 0.787625 0.619837 0.97467 K
) @
(
%AI6_BeginPatternLayer
0 J 0 j 0.3 w 4 M []0 d24.0996 91.5991 m
24.0996 114.0991 L
1.6001 114.0991 L
1.6001 91.5991 L
24.0996 91.5991 L
s
12.8496 102.8491 m
S
%AI6_EndPatternLayer
) &
(0 O 0 R 0.270817 0.072541 0.94583 0.001221 k
 0.270817 0.072541 0.94583 0.001221 K
) @
(
%AI6_BeginPatternLayer
0 J 0 j 0.3 w 4 M []0 d54.0996 91.5991 m
54.0996 114.0991 L
31.5996 114.0991 L
31.5996 91.5991 L
54.0996 91.5991 L
f
%AI6_EndPatternLayer
) &
(0 O 0 R 0.912474 0.787625 0.619837 0.97467 k
 0.912474 0.787625 0.619837 0.97467 K
) @
(
%AI6_BeginPatternLayer
0 J 0 j 0.3 w 4 M []0 d54.0996 91.5991 m
54.0996 114.0991 L
31.5996 114.0991 L
31.5996 91.5991 L
54.0996 91.5991 L
s
42.8496 102.8491 m
S
%AI6_EndPatternLayer
) &
(0 O 0 R 0.270817 0.072541 0.94583 0.001221 k
 0.270817 0.072541 0.94583 0.001221 K
) @
(
%AI6_BeginPatternLayer
0 J 0 j 0.3 w 4 M []0 d84.0996 91.5991 m
84.0996 114.0991 L
61.5996 114.0991 L
